Day	Month	Year	MinTemp	MaxTemp	Precipitation	ReferenceET
1	1	2020	20.91	32.35	1.45	3.6719
2	1	2020	22.53	29.71	8.06	3.2610
3	1	2020	22.66	29.70	12.00	2.8866
4	1	2020	22.48	26.64	8.07	1.9136
5	1	2020	21.46	30.16	16.90	4.4381
6	1	2020	22.24	30.66	17.91	2.4768
7	1	2020	22.31	27.63	7.05	3.0240
8	1	2020	21.03	29.62	1.88	4.3185
9	1	2020	21.60	30.57	6.85	3.9184
10	1	2020	23.40	28.90	4.31	3.2677
11	1	2020	22.88	31.11	7.75	3.8797
12	1	2020	22.78	26.65	9.42	2.7925
13	1	2020	21.77	29.80	7.72	4.2872
14	1	2020	22.67	28.19	7.02	3.0299
15	1	2020	22.49	29.36	0.27	4.0615
16	1	2020	23.50	29.80	0.09	4.0538
17	1	2020	22.66	29.26	0.47	4.0971
18	1	2020	23.44	29.30	0.71	3.7149
19	1	2020	23.02	31.36	2.01	4.4224
20	1	2020	22.92	30.88	4.93	4.9039
21	1	2020	22.44	30.84	4.39	3.2945
22	1	2020	22.40	29.63	4.12	3.6062
23	1	2020	22.21	30.15	5.78	3.7522
24	1	2020	22.89	29.90	0.49	4.0507
25	1	2020	22.93	31.72	1.69	4.5687
26	1	2020	22.85	29.75	27.08	4.2027
27	1	2020	22.42	25.73	18.63	1.7906
28	1	2020	21.90	30.57	5.20	3.9648
29	1	2020	22.29	29.78	6.85	4.2374
30	1	2020	21.74	30.44	10.81	4.1201
31	1	2020	22.01	30.95	2.47	4.2094
1	2	2020	22.00	30.37	1.14	4.7816
2	2	2020	21.24	31.51	0.16	4.2477
3	2	2020	22.96	29.51	5.39	3.7267
4	2	2020	22.36	28.72	14.65	3.8881
5	2	2020	22.03	28.08	18.03	3.4636
6	2	2020	20.96	29.54	4.24	4.1846
7	2	2020	22.05	29.05	23.46	3.8107
8	2	2020	21.77	26.54	11.34	2.2636
9	2	2020	21.87	28.68	4.81	3.7353
10	2	2020	22.79	30.22	1.79	3.9069
11	2	2020	22.64	29.89	1.02	3.8431
12	2	2020	23.28	27.27	2.92	3.4460
13	2	2020	22.54	30.66	1.99	4.4523
14	2	2020	22.63	30.92	20.57	4.6868
15	2	2020	22.66	29.09	23.63	3.8710
16	2	2020	22.48	30.22	0.43	4.0201
17	2	2020	22.82	30.92	0.14	4.4003
18	2	2020	23.97	31.11	2.22	3.5973
19	2	2020	23.55	28.95	19.08	3.3082
20	2	2020	22.85	27.72	3.60	2.2748
21	2	2020	21.57	29.60	14.56	3.0009
22	2	2020	22.35	28.50	11.17	2.9437
23	2	2020	23.12	29.43	4.91	4.3419
24	2	2020	21.04	30.83	2.54	4.4376
25	2	2020	23.33	28.40	9.77	3.3719
26	2	2020	23.25	29.04	3.46	3.8702
27	2	2020	23.14	29.58	8.94	3.7914
28	2	2020	22.94	30.13	8.59	4.0718
29	2	2020	22.99	29.05	4.81	3.7786
1	3	2020	22.41	29.22	26.99	3.3904
2	3	2020	21.95	29.36	8.71	3.8867
3	3	2020	22.80	28.00	12.34	3.1445
4	3	2020	21.98	29.85	21.70	3.6180
5	3	2020	22.51	26.98	16.59	3.8380
6	3	2020	22.34	29.58	10.08	3.5951
7	3	2020	22.92	27.77	30.83	3.7960
8	3	2020	22.05	29.88	5.12	3.7343
9	3	2020	22.74	29.73	31.32	2.5051
10	3	2020	22.87	29.51	28.36	3.2643
11	3	2020	23.33	27.82	3.84	3.2398
12	3	2020	22.28	28.94	10.26	3.1880
13	3	2020	22.26	27.91	4.83	3.3562
14	3	2020	22.05	29.53	28.07	3.6370
15	3	2020	22.47	26.01	42.36	2.0773
16	3	2020	21.82	28.99	5.50	2.6779
17	3	2020	21.94	29.92	0.05	4.1516
18	3	2020	22.90	29.90	5.74	4.4904
19	3	2020	23.17	28.07	5.22	2.8571
20	3	2020	22.17	25.61	15.38	2.8976
21	3	2020	21.45	27.82	0.35	2.7407
22	3	2020	21.85	28.67	0.52	3.5890
23	3	2020	22.26	29.73	1.11	4.5871
24	3	2020	23.16	27.62	29.55	3.9590
25	3	2020	22.50	27.48	12.54	2.0315
26	3	2020	21.03	29.88	0.77	4.2583
27	3	2020	21.80	30.02	17.00	3.6702
28	3	2020	22.81	28.43	11.06	3.8725
29	3	2020	23.35	30.62	0.36	4.8750
30	3	2020	22.22	30.68	2.89	3.5779
31	3	2020	22.68	29.45	4.15	3.4641
1	4	2020	23.10	27.91	5.49	3.3778
2	4	2020	22.72	30.08	2.10	4.4193
3	4	2020	23.50	28.78	13.73	2.1503
4	4	2020	22.83	30.37	1.31	4.3635
5	4	2020	23.16	28.76	4.04	4.0101
6	4	2020	23.60	29.09	3.17	3.9655
7	4	2020	23.32	29.30	1.09	3.9414
8	4	2020	22.97	29.11	15.10	2.9660
9	4	2020	22.32	27.17	1.45	3.8140
10	4	2020	22.31	29.76	2.47	3.8173
11	4	2020	22.26	28.64	8.46	3.4983
12	4	2020	22.74	28.88	13.88	2.5783
13	4	2020	22.75	27.12	12.82	3.3026
14	4	2020	21.86	25.36	45.32	1.7192
15	4	2020	20.94	28.47	0.16	3.1610
16	4	2020	21.46	28.57	10.85	4.0396
17	4	2020	22.75	29.17	22.66	3.2101
18	4	2020	22.76	28.16	15.32	3.6864
19	4	2020	22.39	29.31	5.26	3.7521
20	4	2020	22.16	28.23	10.27	3.0970
21	4	2020	21.40	27.09	16.22	3.0494
22	4	2020	21.18	28.91	13.91	3.0141
23	4	2020	22.16	27.05	5.97	3.6128
24	4	2020	21.19	29.09	17.06	2.3991
25	4	2020	21.90	28.02	3.08	2.8464
26	4	2020	20.92	29.58	0.77	4.2039
27	4	2020	21.58	30.01	1.23	3.7547
28	4	2020	22.53	28.84	2.01	3.5156
29	4	2020	21.64	28.38	0.45	3.8290
30	4	2020	22.15	28.89	0.44	3.6244
1	5	2020	21.35	29.47	3.22	3.1893
2	5	2020	22.95	29.45	1.36	4.0131
3	5	2020	22.49	30.39	0.49	4.1053
4	5	2020	23.41	29.91	0.67	4.0420
5	5	2020	23.35	28.27	0.31	3.4771
6	5	2020	22.48	28.53	0.01	3.6854
7	5	2020	22.66	29.98	0.04	4.0927
8	5	2020	23.21	29.23	0.43	3.6172
9	5	2020	22.94	28.12	3.16	3.7268
10	5	2020	23.14	29.41	0.60	3.4327
11	5	2020	22.21	29.05	0.33	3.4181
12	5	2020	22.15	29.84	0.16	4.1810
13	5	2020	21.95	30.33	0.04	4.1208
14	5	2020	22.94	30.17	0.00	4.0416
15	5	2020	23.79	28.65	5.36	3.6940
16	5	2020	22.84	28.84	0.96	3.6427
17	5	2020	22.74	29.23	1.22	3.2553
18	5	2020	23.06	28.43	0.65	3.2206
19	5	2020	22.79	29.57	1.28	3.4377
20	5	2020	23.00	28.77	0.52	3.9492
21	5	2020	23.28	29.60	0.85	3.6879
22	5	2020	22.95	29.67	0.78	3.3526
23	5	2020	23.52	29.54	0.65	3.2249
24	5	2020	22.77	29.07	3.94	3.5781
25	5	2020	22.99	27.32	2.86	3.1323
26	5	2020	22.79	27.34	1.14	3.3769
27	5	2020	22.32	28.74	5.32	3.1351
28	5	2020	21.79	29.64	1.95	3.6997
29	5	2020	22.76	27.27	0.78	2.3548
30	5	2020	22.12	27.52	0.01	3.6995
31	5	2020	21.63	28.71	0.03	3.0218
1	6	2020	22.82	28.58	0.08	3.2097
2	6	2020	22.92	27.99	2.23	3.3335
3	6	2020	22.02	29.29	2.56	3.8333
4	6	2020	21.94	29.42	1.33	3.3335
5	6	2020	21.95	29.57	0.66	2.9456
6	6	2020	22.14	29.26	0.18	3.7273
7	6	2020	21.48	29.72	0.00	3.9739
8	6	2020	21.84	29.62	0.04	4.1145
9	6	2020	21.99	29.57	0.03	3.4637
10	6	2020	22.02	29.10	0.66	3.4466
11	6	2020	21.84	29.04	0.55	3.4735
12	6	2020	22.12	29.26	0.15	3.4009
13	6	2020	22.06	29.28	0.02	3.8681
14	6	2020	22.00	28.80	0.00	3.9615
15	6	2020	21.57	29.43	0.00	3.6545
16	6	2020	20.88	29.50	0.00	3.7828
17	6	2020	21.52	28.96	0.00	3.8896
18	6	2020	21.19	29.53	0.00	4.2025
19	6	2020	20.06	29.17	0.00	3.6854
20	6	2020	20.68	29.88	0.12	3.8827
21	6	2020	22.14	29.82	0.02	4.1522
22	6	2020	20.30	29.60	0.00	4.0393
23	6	2020	21.03	29.68	0.13	4.1727
24	6	2020	21.36	28.84	1.73	3.5873
25	6	2020	20.96	30.06	0.02	4.2371
26	6	2020	21.00	30.04	0.00	3.9943
27	6	2020	21.16	30.32	0.00	4.1526
28	6	2020	21.73	30.58	0.00	4.0691
29	6	2020	21.66	30.66	0.12	3.9525
30	6	2020	21.99	29.40	0.01	3.1418
1	7	2020	21.09	30.16	0.05	4.2119
2	7	2020	21.38	30.50	0.01	3.9978
3	7	2020	21.61	30.91	1.45	3.8008
4	7	2020	21.21	31.17	0.58	4.1934
5	7	2020	21.53	30.87	0.00	4.1687
6	7	2020	21.45	31.00	0.00	4.3386
7	7	2020	21.52	30.02	0.01	3.5350
8	7	2020	21.43	30.87	0.00	4.3279
9	7	2020	20.86	31.42	0.00	4.5446
10	7	2020	21.20	30.80	0.40	3.8080
11	7	2020	21.88	30.89	0.52	3.6872
12	7	2020	22.37	31.61	0.02	4.5644
13	7	2020	21.91	31.50	0.00	4.6298
14	7	2020	22.80	30.57	0.09	4.3354
15	7	2020	20.95	31.69	0.01	4.5090
16	7	2020	21.43	31.68	0.00	4.2729
17	7	2020	21.53	31.69	0.33	4.7515
18	7	2020	20.11	31.80	0.03	4.8306
19	7	2020	20.81	31.86	0.00	4.7165
20	7	2020	20.75	31.74	0.00	4.7600
21	7	2020	20.08	31.20	0.00	4.3666
22	7	2020	20.94	31.47	0.00	4.7810
23	7	2020	20.60	32.33	0.00	4.9032
24	7	2020	21.07	32.46	0.00	4.9429
25	7	2020	20.44	31.92	0.00	5.1671
26	7	2020	19.59	32.37	0.00	5.3458
27	7	2020	18.39	32.15	0.00	5.3097
28	7	2020	18.73	32.23	0.00	5.0216
29	7	2020	20.48	32.11	0.00	4.8785
30	7	2020	22.86	33.22	0.00	4.9516
31	7	2020	21.50	33.38	0.00	5.7237
1	8	2020	18.65	32.57	0.00	5.3181
2	8	2020	21.29	32.71	0.00	5.0690
3	8	2020	21.67	33.15	0.00	5.2379
4	8	2020	21.78	33.33	0.00	5.6051
5	8	2020	20.48	33.48	0.00	5.5490
6	8	2020	20.61	33.47	0.00	5.7701
7	8	2020	21.09	34.08	0.00	5.8178
8	8	2020	20.66	33.81	0.00	5.7807
9	8	2020	20.98	34.58	0.00	5.9711
10	8	2020	20.24	35.10	0.00	5.5209
11	8	2020	23.05	35.22	0.00	5.5831
12	8	2020	23.17	35.26	0.00	5.7788
13	8	2020	22.21	35.58	0.00	5.3500
14	8	2020	21.64	35.27	0.00	5.4894
15	8	2020	22.79	35.43	0.00	5.2980
16	8	2020	22.01	36.31	0.00	5.9146
17	8	2020	22.34	36.75	0.00	6.1558
18	8	2020	22.81	36.56	0.00	5.4773
19	8	2020	23.64	35.94	0.00	5.7444
20	8	2020	23.44	37.10	0.00	5.9489
21	8	2020	23.34	37.22	0.00	6.0752
22	8	2020	23.87	36.41	0.00	4.6609
23	8	2020	24.28	35.34	1.60	4.3519
24	8	2020	23.49	33.22	0.14	4.8802
25	8	2020	22.23	35.93	0.02	4.6066
26	8	2020	23.22	36.42	0.00	6.0358
27	8	2020	24.64	35.73	2.34	5.2974
28	8	2020	23.60	35.60	0.25	5.0484
29	8	2020	23.53	36.43	0.00	5.2876
30	8	2020	22.54	36.46	0.00	6.2524
31	8	2020	24.86	36.91	0.00	6.3898
1	9	2020	22.22	36.43	0.00	6.3857
2	9	2020	23.57	36.45	0.00	6.5656
3	9	2020	21.44	36.49	0.00	6.5847
4	9	2020	21.52	36.72	0.00	6.0762
5	9	2020	22.61	37.44	0.02	6.6640
6	9	2020	24.23	37.18	0.00	6.8939
7	9	2020	23.30	37.29	0.00	6.8377
8	9	2020	22.50	38.41	0.09	6.8262
9	9	2020	25.33	37.68	0.02	6.0754
10	9	2020	25.36	37.84	0.00	6.8861
11	9	2020	23.98	37.44	0.00	6.2926
12	9	2020	24.36	37.66	0.00	6.3179
13	9	2020	24.83	37.34	0.00	6.2898
14	9	2020	23.37	37.64	0.00	6.8386
15	9	2020	23.26	37.61	0.00	6.9844
16	9	2020	24.95	38.35	0.00	6.9102
17	9	2020	25.02	37.56	0.00	6.2141
18	9	2020	25.75	38.02	0.00	5.4803
19	9	2020	25.10	37.28	0.05	6.3388
20	9	2020	25.37	38.00	0.00	5.2897
21	9	2020	26.69	37.52	0.00	5.5580
22	9	2020	25.83	38.20	0.14	5.9905
23	9	2020	25.27	38.20	0.04	5.8044
24	9	2020	25.94	37.90	0.12	6.5387
25	9	2020	25.34	35.94	0.33	5.5024
26	9	2020	25.32	34.96	0.03	5.4482
27	9	2020	24.19	37.43	0.00	5.7111
28	9	2020	25.84	35.64	0.43	5.7648
29	9	2020	24.44	36.03	1.10	5.4557
30	9	2020	24.62	36.31	0.44	5.3417
1	10	2020	24.47	36.16	0.01	6.4241
2	10	2020	25.67	36.70	0.00	6.3771
3	10	2020	25.60	37.45	0.00	6.1637
4	10	2020	25.72	37.67	0.00	6.0484
5	10	2020	25.67	37.06	0.02	5.7952
6	10	2020	25.85	36.80	0.16	5.6799
7	10	2020	25.40	37.96	0.03	6.6680
8	10	2020	24.54	38.61	0.42	6.9568
9	10	2020	24.95	38.11	0.34	6.1274
10	10	2020	25.83	38.37	24.01	6.6300
11	10	2020	23.16	34.33	3.94	4.4884
12	10	2020	23.93	34.27	1.04	5.0530
13	10	2020	24.04	33.57	2.67	5.0629
14	10	2020	23.24	34.03	1.63	5.0757
15	10	2020	22.82	35.16	1.41	5.8103
16	10	2020	24.01	35.55	0.27	5.3954
17	10	2020	24.46	36.31	0.05	5.6545
18	10	2020	24.33	35.31	0.01	5.2393
19	10	2020	24.10	35.79	0.10	5.2241
20	10	2020	24.74	36.00	0.50	4.9426
21	10	2020	24.09	36.85	0.01	6.1859
22	10	2020	25.31	37.33	0.00	5.7663
23	10	2020	25.91	34.04	0.00	5.1191
24	10	2020	24.87	35.68	0.03	5.7711
25	10	2020	24.73	31.40	3.22	4.9674
26	10	2020	23.85	31.71	7.90	4.5519
27	10	2020	23.23	30.52	4.31	3.9632
28	10	2020	21.74	35.52	3.46	5.2285
29	10	2020	24.08	35.89	2.91	5.0240
30	10	2020	24.11	30.61	5.64	3.6838
31	10	2020	22.88	34.61	0.07	5.1900
1	11	2020	24.68	34.54	2.58	5.3151
2	11	2020	24.13	32.81	14.42	3.8496
3	11	2020	23.33	29.34	5.68	2.1892
4	11	2020	22.00	32.19	4.53	4.0079
5	11	2020	22.76	31.60	28.41	3.8313
6	11	2020	23.18	26.27	24.42	2.4965
7	11	2020	22.34	29.70	0.25	4.1442
8	11	2020	22.49	32.35	0.93	4.8977
9	11	2020	22.84	31.47	3.10	3.9331
10	11	2020	23.20	31.44	8.09	4.1891
11	11	2020	23.81	30.60	10.89	3.7026
12	11	2020	23.51	31.39	0.43	3.9360
13	11	2020	23.79	30.72	0.22	3.9901
14	11	2020	22.38	33.38	0.14	4.5105
15	11	2020	23.54	32.93	0.03	4.5890
16	11	2020	23.48	31.99	0.07	4.0814
17	11	2020	24.43	28.62	0.16	3.9490
18	11	2020	23.59	28.58	19.68	3.6967
19	11	2020	20.59	24.78	33.19	1.3407
20	11	2020	19.54	31.33	0.06	4.0695
21	11	2020	22.16	29.77	1.03	4.0322
22	11	2020	22.34	26.64	5.77	2.6205
23	11	2020	21.34	30.15	8.10	3.7031
24	11	2020	22.88	28.69	3.13	3.9935
25	11	2020	21.89	30.72	0.15	4.3589
26	11	2020	22.92	29.76	0.29	3.1219
27	11	2020	21.11	29.03	0.08	3.1314
28	11	2020	22.49	28.23	0.01	3.1114
29	11	2020	22.10	30.44	0.13	3.7241
30	11	2020	23.01	29.49	0.21	3.6927
1	12	2020	22.76	30.17	0.26	3.8176
2	12	2020	22.01	29.47	0.16	3.2701
3	12	2020	23.15	29.28	0.52	4.0999
4	12	2020	22.33	32.23	0.25	4.5632
5	12	2020	23.58	31.93	0.12	4.3219
6	12	2020	22.93	30.99	0.08	3.5791
7	12	2020	22.67	31.53	5.47	3.5235
8	12	2020	23.38	27.71	11.00	2.4870
9	12	2020	22.35	28.44	5.82	3.2942
10	12	2020	21.19	30.32	5.05	4.0140
11	12	2020	21.90	32.24	0.10	4.8347
12	12	2020	23.26	32.61	0.22	4.2829
13	12	2020	22.74	32.52	2.88	4.3601
14	12	2020	23.06	28.35	8.29	3.3086
15	12	2020	22.11	29.08	10.58	3.1200
16	12	2020	22.32	28.59	6.50	3.7076
17	12	2020	22.04	31.41	1.21	4.0652
18	12	2020	20.98	31.40	3.67	3.9588
19	12	2020	22.54	31.35	9.83	4.2820
20	12	2020	23.43	30.40	12.76	3.3836
21	12	2020	23.46	28.48	6.64	3.6548
22	12	2020	22.51	30.67	0.76	4.0927
23	12	2020	23.27	26.43	1.26	3.3258
24	12	2020	21.96	28.01	19.04	2.7697
25	12	2020	20.96	29.70	8.81	3.2388
26	12	2020	22.24	29.50	10.85	2.9747
27	12	2020	21.71	29.38	3.31	4.1033
28	12	2020	21.97	30.30	0.38	4.4726
29	12	2020	21.71	31.08	0.98	4.6569
30	12	2020	21.96	30.24	6.12	3.4794
31	12	2020	22.58	28.52	6.89	3.7852
